##FastQC	0.10.1
>>Basic Statistics	pass
#Measure	Value	
Filename	QANMX034WB_ACTTGA_L004_R1_001.fastq	
File type	Conventional base calls	
Encoding	Sanger / Illumina 1.9	
Total Sequences	18258627	
Filtered Sequences	0	
Sequence length	101	
%GC	50	
>>END_MODULE
>>Per base sequence quality	pass
#Base	Mean	Median	Lower Quartile	Upper Quartile	10th Percentile	90th Percentile
1	31.9111657190872	33.0	31.0	34.0	30.0	34.0
2	31.837543425362707	34.0	31.0	34.0	30.0	34.0
3	31.090733602258265	34.0	31.0	34.0	26.0	34.0
4	34.86248467642173	37.0	35.0	37.0	32.0	37.0
5	35.43440774599317	37.0	35.0	37.0	33.0	37.0
6	35.627126234628705	37.0	35.0	37.0	33.0	37.0
7	35.71758604850189	37.0	35.0	37.0	33.0	37.0
8	35.753724088892334	37.0	35.0	37.0	33.0	37.0
9	37.401357834847055	39.0	37.0	39.0	34.0	39.0
10-14	37.72264149982362	39.2	37.2	39.4	34.4	39.4
15-19	38.7309898164851	40.0	38.0	41.0	34.0	41.0
20-24	38.60375084063003	40.0	38.0	41.0	34.0	41.0
25-29	38.27494175766885	40.0	38.0	41.0	33.6	41.0
30-34	37.94848021157342	40.0	37.6	41.0	33.0	41.0
35-39	37.54974338431909	40.0	37.0	41.0	32.0	41.0
40-44	37.11118730888144	39.6	36.0	41.0	31.0	41.0
45-49	36.97547258071485	39.0	35.6	41.0	31.0	41.0
50-54	36.6508359253957	39.0	35.0	41.0	30.6	41.0
55-59	36.042277253377264	38.4	35.0	40.0	29.6	41.0
60-64	35.42670727651099	37.2	34.0	40.0	29.0	41.0
65-69	34.693079430342706	36.0	34.0	39.0	29.0	40.8
70-74	33.751868626266365	35.0	33.4	37.2	27.8	39.4
75-79	32.47866564117883	34.6	32.4	36.0	26.2	37.4
80-84	32.38832403991823	35.0	33.0	35.0	26.6	36.6
85-89	31.89582152042429	35.0	33.0	35.0	25.6	36.0
90-94	31.47428411785837	35.0	32.6	35.0	24.8	35.0
95-99	31.02544958062838	35.0	32.0	35.0	23.6	35.0
100-101	30.358759615386194	34.5	31.5	35.0	19.0	35.0
>>END_MODULE
>>Per sequence quality scores	pass
#Quality	Count
2	674.0
3	176.0
4	393.0
5	1003.0
6	2425.0
7	6822.0
8	13766.0
9	21294.0
10	26547.0
11	30945.0
12	33535.0
13	34796.0
14	37926.0
15	40206.0
16	42649.0
17	45137.0
18	47255.0
19	50814.0
20	54129.0
21	58308.0
22	65379.0
23	78226.0
24	96318.0
25	120088.0
26	152369.0
27	192411.0
28	244711.0
29	306782.0
30	380715.0
31	478437.0
32	602517.0
33	782459.0
34	1072324.0
35	1582066.0
36	2578701.0
37	4390922.0
38	4038487.0
39	546245.0
40	670.0
>>END_MODULE
>>Per base sequence content	fail
#Base	G	A	T	C
1	25.154413974544802	14.131539941961696	15.756477713268255	44.957568370225246
2	24.223397050303753	20.471775481941126	35.71114433023681	19.59368313751831
3	26.23217907882158	23.83236385652583	25.99943234641723	23.936024718235362
4	27.366930300479233	30.742853218273343	19.517252563500037	22.37296391774739
5	28.477464889790554	31.428064396514095	20.606780442678108	19.48769027101724
6	23.07739324501664	32.27753001337616	20.971104644389943	23.673972097217263
7	19.995599888206268	15.74794205500775	39.421354081005106	24.83510397578087
8	21.66053340155314	20.271250406725542	26.809786957146343	31.258429234574976
9	21.75951544291293	20.203264788050912	29.48655586424177	28.550663904794387
10-14	25.231036009632618	24.871639845662862	24.288250918513825	25.60907322619069
15-19	25.45825151991778	24.60496903292665	24.68476258051321	25.252016866642357
20-24	25.374932147081687	24.95525179725616	24.57650117776761	25.09331487789454
25-29	25.424297852643683	24.965248342182463	24.309173365289716	25.301280439884138
30-34	25.42462354825052	25.094029894348687	24.252713851431455	25.22863270596934
35-39	25.53793457493464	24.82455958362382	24.373290630061593	25.26421521137995
40-44	25.651188364977656	24.674110035921906	24.498736749696867	25.17596484940357
45-49	25.626201765325064	24.581387657166186	24.558169784951634	25.234240792557117
50-54	25.56305073024901	24.50737846513843	24.64478314496168	25.28478765965088
55-59	25.56867968731661	24.520491410064004	24.462673938080307	25.448154964539082
60-64	25.422295079690244	24.501704112657748	24.53090169890737	25.54509910874464
65-69	25.618609898770544	24.681900221578754	24.27372704386678	25.425762835783917
70-74	25.518840996553564	24.64798927043895	24.46992678314414	25.363242949863352
75-79	25.58610416219341	24.641777385037816	24.40916301405978	25.36295543870899
80-84	25.500964152998872	24.51665577906878	24.481429060457724	25.50095100747462
85-89	25.668147966810146	24.566232598478805	24.387407224211234	25.37821221049981
90-94	25.597392883194985	24.628843421035565	24.37554266917695	25.3982210265925
95-99	25.68684884750963	24.82933444310528	24.164557911557118	25.31925879782797
100-101	25.764415471059955	24.95796836355295	23.9346645213772	25.342951644009894
>>END_MODULE
>>Per base GC content	fail
#Base	%GC
1	70.11198234477006
2	43.81708018782206
3	50.16820379705694
4	49.739894218226624
5	47.9651551608078
6	46.7513653422339
7	44.83070386398714
8	52.91896263612812
9	50.31017934770732
10-14	50.84010923582332
15-19	50.710268386560145
20-24	50.46824702497623
25-29	50.725578292527814
30-34	50.653256254219855
35-39	50.80214978631459
40-44	50.82715321438123
45-49	50.86044255788218
50-54	50.84783838989989
55-59	51.01683465185569
60-64	50.96739418843488
65-69	51.044372734554464
70-74	50.88208394641691
75-79	50.9490596009024
80-84	51.0019151604735
85-89	51.04636017730996
90-94	50.99561390978749
95-99	51.00610764533761
100-101	51.10736711506985
>>END_MODULE
>>Per sequence GC content	warn
#GC Content	Count
0	65.0
1	36.0
2	7.5
3	8.0
4	10.0
5	9.0
6	10.5
7	19.0
8	30.0
9	47.0
10	50.5
11	71.0
12	139.5
13	182.0
14	204.5
15	267.5
16	403.0
17	625.0
18	944.5
19	1451.5
20	2636.5
21	4267.0
22	6154.0
23	8592.5
24	11971.5
25	16569.0
26	23288.5
27	34941.5
28	47748.0
29	65495.0
30	84819.5
31	100068.5
32	123062.5
33	156042.0
34	190807.0
35	223987.0
36	250199.5
37	267400.0
38	273237.5
39	275007.5
40	291144.5
41	332004.5
42	378036.5
43	414619.0
44	479049.5
45	583418.5
46	647828.5
47	675585.0
48	728088.0
49	794937.5
50	915435.0
51	931600.5
52	872012.0
53	837697.5
54	765550.0
55	741829.5
56	713024.5
57	649135.5
58	611292.5
59	567163.0
60	489032.5
61	414851.0
62	344912.0
63	271900.5
64	215175.5
65	173956.0
66	137777.5
67	120093.0
68	106010.0
69	92155.5
70	84452.0
71	74892.0
72	77174.0
73	72308.5
74	58928.0
75	46557.5
76	41247.0
77	41688.5
78	34918.0
79	31753.5
80	28537.5
81	24157.5
82	25986.0
83	27383.5
84	24250.5
85	19615.5
86	16126.0
87	12731.0
88	9349.5
89	7428.5
90	6470.5
91	5797.5
92	5046.5
93	4204.5
94	3439.0
95	2552.5
96	1904.5
97	1510.0
98	1077.0
99	696.5
100	282.0
>>END_MODULE
>>Per base N content	pass
#Base	N-Count
1	0.007525209863808489
2	3.7790355211265336E-4
3	0.00554806229405968
4	5.14825128965064E-4
5	0.006117656053765707
6	9.858353533373566E-5
7	0.0
8	0.0
9	0.0052796960034289546
10-14	7.667608303734996E-6
15-19	4.271953197795212E-5
20-24	9.091592703000066E-5
25-29	4.030971222534969E-4
30-34	1.0296502579301281E-4
35-39	0.0015959578997916985
40-44	0.010475048315516825
45-49	0.0015258540524432642
50-54	3.176580582975927E-5
55-59	7.251366710103668E-4
60-64	0.0014699900490874806
65-69	0.004049592556986897
70-74	0.007275464907629692
75-79	0.005628024494941488
80-84	0.008009364559558613
85-89	0.005078147442302206
90-94	0.003977297964408825
95-99	0.002527024622388091
100-101	0.0052084967834657
>>END_MODULE
>>Sequence Length Distribution	pass
#Length	Count
101	1.8258627E7
>>END_MODULE
>>Sequence Duplication Levels	fail
#Total Duplicate Percentage	78.99810375901889
#Duplication Level	Relative count
1	100.0
2	27.823279476714934
3	15.592329624867222
4	10.567730754179014
5	7.986246995024319
6	6.420864314865545
7	5.274780566892156
8	4.731089618158439
9	3.89948006932409
10++	97.23682003689831
>>END_MODULE
>>Overrepresented sequences	pass
>>END_MODULE
>>Kmer Content	warn
#Sequence	Count	Obs/Exp Overall	Obs/Exp Max	Max Obs/Exp Position
TTTTT	4084845	2.5772364	6.5820184	2
AAAAA	3862130	2.4325428	5.398885	2
GAAGA	4106675	2.419448	5.9253106	2
TCTTC	3845540	2.2617116	6.0975695	7
CTTCA	3778235	2.2213645	6.8312774	1
AAGAA	3596990	2.1911347	5.372537	2
TCCTG	3799170	2.160309	5.1200657	7
CTGAG	3591285	2.0442052	5.1708155	1
CTGGG	3671715	2.0213418	6.069911	1
CTCAG	3553430	2.0198815	5.4769382	1
TCCAG	3405190	1.9356173	5.9257817	7
CTGGA	3386675	1.9277384	6.2876425	1
CTCCA	3352860	1.9032549	5.128906	6
TTCCA	3171185	1.8644574	5.9959664	6
CTTTG	2946190	1.7351507	5.9828534	1
CTGAA	2940995	1.730903	5.042955	1
CTTGG	2997400	1.7067438	5.81723	1
TCCAC	2822620	1.6022635	5.4961576	7
TTTAA	2232000	1.4072616	5.0264735	2
ATCCA	2237335	1.3149611	5.3043876	6
>>END_MODULE
